1.000e+00  1.3100e+04
1.170e+00  1.1400e+04
1.360e+00  9.8000e+03
1.580e+00  8.0100e+03
1.850e+00  6.4400e+03
2.150e+00  5.0800e+03
2.510e+00  3.9000e+03
2.710e+00  3.3900e+03
2.820e+00  3.6100e+03
2.930e+00  6.5600e+03
3.040e+00  6.2400e+03
3.160e+00  4.3400e+03
3.290e+00  2.9400e+03
3.410e+00  2.5400e+03
3.550e+00  2.3200e+03
3.690e+00  2.1300e+03
3.830e+00  2.0300e+03
3.980e+00  1.9300e+03
4.300e+00  1.7600e+03
4.640e+00  1.6300e+03
5.010e+00  1.4200e+03
5.410e+00  1.2900e+03
5.840e+00  1.3700e+03
6.310e+00  1.3000e+03
6.810e+00  1.2500e+03
7.360e+00  1.1200e+03
7.940e+00  1.0600e+03
8.580e+00  1.1000e+03
8.910e+00  1.4300e+03
9.260e+00  1.7200e+03
9.620e+00  2.2000e+03
9.810e+00  2.6800e+03
1.000e+01  2.5800e+03
1.040e+01  2.5200e+03
1.080e+01  2.4800e+03
1.120e+01  2.5500e+03
1.170e+01  2.5100e+03
1.260e+01  1.9600e+03
1.360e+01  1.6000e+03
1.470e+01  1.3500e+03
1.580e+01  1.3300e+03
1.710e+01  1.5100e+03
1.850e+01  1.5800e+03
2.000e+01  1.3400e+03
2.150e+01  1.1000e+03
2.510e+01  7.6800e+02
2.930e+01  5.4500e+02
3.410e+01  4.5100e+02
3.690e+01  4.3400e+02
3.980e+01  4.2700e+02
4.300e+01  4.2100e+02
4.640e+01  3.8700e+02
5.410e+01  2.8000e+02
6.310e+01  2.1100e+02
7.360e+01  1.5800e+02
8.580e+01  1.1800e+02
1.000e+02  8.6500e+01
1.170e+02  6.7500e+01
1.360e+02  5.2500e+01
1.580e+02  4.0900e+01
1.850e+02  3.0700e+01
2.260e+02  2.1700e+01
3.500e+02  1.0100e+01
5.000e+02  5.0400e+00
7.000e+02  2.5700e+00
1.000e+03  1.3700e+00
1.300e+03  8.9900e-01
2.000e+03  4.1400e-01
2.730e+03  2.3680e-01
2.900e+03  2.1260e-01
3.410e+03  1.5840e-01
