9.121e-02  8.3800e+04
1.000e-01  7.5630e+04
1.023e-01  7.4620e+04
1.047e-01  7.3620e+04
1.071e-01  7.2630e+04
1.097e-01  7.1660e+04
1.100e-01  7.1520e+04
1.122e-01  7.0700e+04
1.148e-01  6.9750e+04
1.175e-01  6.8810e+04
1.202e-01  6.7890e+04
1.215e-01  6.7470e+04
1.230e-01  6.6980e+04
1.259e-01  6.6080e+04
1.288e-01  6.5190e+04
1.318e-01  6.4320e+04
1.349e-01  6.3460e+04
1.380e-01  6.2610e+04
1.413e-01  6.1430e+04
1.445e-01  5.9740e+04
1.479e-01  5.8110e+04
1.513e-01  5.6520e+04
1.549e-01  5.4970e+04
1.585e-01  5.3470e+04
1.621e-01  5.2000e+04
1.660e-01  5.0580e+04
1.699e-01  4.9200e+04
1.738e-01  4.7850e+04
1.778e-01  4.6540e+04
1.820e-01  4.5690e+04
1.862e-01  4.5310e+04
1.906e-01  4.4940e+04
1.949e-01  4.4570e+04
1.995e-01  4.4210e+04
2.042e-01  4.3570e+04
2.089e-01  4.2920e+04
2.125e-01  4.2440e+04
2.138e-01  4.2270e+04
2.151e-01  4.2120e+04
2.176e-01  4.1800e+04
2.188e-01  4.1640e+04
2.200e-01  4.1490e+04
2.226e-01  4.1160e+04
2.239e-01  4.0980e+04
2.290e-01  4.0330e+04
2.344e-01  3.9680e+04
2.398e-01  3.9050e+04
2.455e-01  3.8420e+04
2.513e-01  3.7810e+04
2.571e-01  3.7200e+04
2.630e-01  3.6600e+04
2.691e-01  3.5990e+04
2.755e-01  3.5400e+04
2.818e-01  3.4820e+04
2.885e-01  3.4250e+04
2.951e-01  3.3680e+04
3.020e-01  3.3130e+04
3.090e-01  3.2590e+04
3.162e-01  3.2050e+04
3.236e-01  3.1520e+04
3.311e-01  3.1000e+04
3.388e-01  3.0460e+04
3.467e-01  2.9930e+04
3.500e-01  2.9720e+04
3.548e-01  2.9410e+04
3.550e-01  2.9400e+04
3.631e-01  2.8900e+04
3.635e-01  2.8870e+04
3.715e-01  2.8390e+04
3.802e-01  2.7900e+04
3.890e-01  2.7410e+04
3.981e-01  2.6930e+04
4.074e-01  2.6470e+04
4.100e-01  2.6340e+04
4.168e-01  2.6000e+04
4.266e-01  2.5550e+04
4.365e-01  2.5110e+04
4.405e-01  2.4930e+04
4.467e-01  2.4670e+04
4.571e-01  2.4240e+04
4.678e-01  2.3820e+04
4.685e-01  2.3790e+04
4.700e-01  2.3730e+04
4.786e-01  2.3410e+04
4.861e-01  2.3130e+04
4.898e-01  2.3000e+04
5.012e-01  2.2600e+04
5.129e-01  2.2210e+04
5.248e-01  2.1820e+04
5.371e-01  2.1440e+04
5.470e-01  2.1150e+04
5.496e-01  2.1070e+04
5.550e-01  2.0920e+04
5.624e-01  2.0730e+04
5.754e-01  2.0390e+04
5.889e-01  2.0060e+04
6.026e-01  1.9740e+04
6.165e-01  1.9420e+04
6.166e-01  1.9420e+04
6.310e-01  1.9100e+04
6.415e-01  1.8880e+04
6.457e-01  1.8790e+04
6.492e-01  1.8720e+04
6.561e-01  1.8580e+04
6.606e-01  1.8490e+04
6.761e-01  1.8190e+04
6.919e-01  1.7890e+04
7.079e-01  1.7570e+04
7.245e-01  1.7230e+04
7.413e-01  1.6900e+04
7.480e-01  1.6770e+04
7.586e-01  1.6570e+04
7.763e-01  1.6250e+04
7.944e-01  1.5930e+04
8.020e-01  1.5800e+04
8.129e-01  1.5620e+04
8.318e-01  1.5320e+04
8.512e-01  1.5020e+04
8.655e-01  1.4810e+04
8.710e-01  1.4730e+04
8.912e-01  1.4450e+04
8.930e-01  1.4420e+04
9.121e-01  1.4170e+04
9.334e-01  1.3890e+04
9.551e-01  1.3620e+04
9.772e-01  1.3360e+04
1.000e+00  1.3100e+04
1.023e+00  1.2830e+04
1.047e+00  1.2580e+04
1.071e+00  1.2320e+04
1.097e+00  1.2070e+04
1.122e+00  1.1830e+04
1.148e+00  1.1590e+04
1.175e+00  1.1350e+04
1.202e+00  1.1090e+04
1.220e+00  1.0930e+04
1.230e+00  1.0840e+04
1.259e+00  1.0590e+04
1.282e+00  1.0400e+04
1.288e+00  1.0350e+04
1.318e+00  1.0110e+04
1.349e+00  9.8800e+03
1.380e+00  9.6060e+03
1.413e+00  9.3130e+03
1.445e+00  9.0290e+03
1.479e+00  8.7530e+03
1.513e+00  8.4860e+03
1.549e+00  8.2270e+03
1.585e+00  7.9760e+03
1.621e+00  7.7260e+03
1.630e+00  7.6720e+03
1.660e+00  7.4830e+03
1.699e+00  7.2490e+03
1.738e+00  7.0220e+03
1.778e+00  6.8020e+03
1.820e+00  6.5880e+03
1.862e+00  6.3740e+03
1.875e+00  6.3050e+03
1.906e+00  6.1460e+03
1.949e+00  5.9270e+03
1.995e+00  5.7160e+03
2.042e+00  5.5120e+03
2.089e+00  5.3150e+03
2.122e+00  5.1870e+03
2.138e+00  5.1260e+03
2.166e+00  5.0180e+03
2.188e+00  4.9310e+03
2.190e+00  4.9230e+03
2.239e+00  4.7410e+03
2.290e+00  4.5580e+03
2.344e+00  4.3820e+03
2.398e+00  4.2130e+03
2.455e+00  4.0510e+03
2.513e+00  3.8940e+03
2.571e+00  3.7340e+03
2.625e+00  3.5930e+03
2.630e+00  3.5800e+03
2.691e+00  3.4330e+03
2.755e+00  3.4780e+03
2.818e+00  3.6060e+03
2.885e+00  5.1250e+03
2.951e+00  6.4960e+03
3.020e+00  6.2960e+03
3.090e+00  5.3500e+03
3.162e+00  4.3100e+03
3.236e+00  3.4510e+03
3.311e+00  2.8640e+03
3.388e+00  2.6070e+03
3.450e+00  2.4740e+03
3.467e+00  2.4460e+03
3.548e+00  2.3220e+03
3.631e+00  2.2070e+03
3.715e+00  2.1110e+03
3.800e+00  2.0500e+03
3.802e+00  2.0490e+03
3.890e+00  1.9880e+03
3.981e+00  1.9290e+03
4.051e+00  1.8900e+03
4.074e+00  1.8770e+03
4.168e+00  1.8270e+03
4.266e+00  1.7770e+03
4.365e+00  1.7340e+03
4.467e+00  1.6940e+03
4.571e+00  1.6550e+03
4.678e+00  1.6070e+03
4.750e+00  1.5630e+03
4.786e+00  1.5420e+03
4.898e+00  1.4790e+03
5.012e+00  1.4200e+03
5.129e+00  1.3790e+03
5.248e+00  1.3400e+03
5.371e+00  1.3020e+03
5.496e+00  1.3060e+03
5.624e+00  1.3300e+03
5.754e+00  1.3540e+03
5.889e+00  1.3620e+03
6.026e+00  1.3410e+03
6.166e+00  1.3210e+03
6.250e+00  1.3080e+03
6.310e+00  1.3000e+03
6.457e+00  1.2850e+03
6.606e+00  1.2700e+03
6.761e+00  1.2550e+03
6.919e+00  1.2220e+03
7.079e+00  1.1830e+03
7.245e+00  1.1450e+03
7.413e+00  1.1140e+03
7.586e+00  1.0960e+03
7.621e+00  1.0920e+03
7.763e+00  1.0780e+03
7.944e+00  1.0600e+03
8.129e+00  1.0720e+03
8.318e+00  1.0840e+03
8.512e+00  1.0960e+03
8.710e+00  1.2210e+03
8.912e+00  1.4320e+03
9.121e+00  1.5990e+03
9.334e+00  1.8090e+03
9.401e+00  1.8950e+03
9.499e+00  2.0290e+03
9.551e+00  2.0990e+03
9.600e+00  2.1710e+03
9.699e+00  2.3920e+03
9.772e+00  2.5790e+03
9.800e+00  2.6530e+03
9.901e+00  2.6320e+03
1.000e+01  2.5800e+03
1.023e+01  2.5440e+03
1.036e+01  2.5250e+03
1.047e+01  2.5120e+03
1.071e+01  2.4880e+03
1.097e+01  2.5090e+03
1.122e+01  2.5490e+03
1.130e+01  2.5420e+03
1.148e+01  2.5270e+03
1.175e+01  2.4750e+03
1.202e+01  2.2920e+03
1.230e+01  2.1230e+03
1.259e+01  1.9660e+03
1.288e+01  1.8480e+03
1.318e+01  1.7380e+03
1.349e+01  1.6350e+03
1.380e+01  1.5490e+03
1.413e+01  1.4730e+03
1.445e+01  1.4000e+03
1.479e+01  1.3480e+03
1.513e+01  1.3420e+03
1.549e+01  1.3350e+03
1.585e+01  1.3360e+03
1.621e+01  1.3870e+03
1.660e+01  1.4390e+03
1.699e+01  1.4940e+03
1.738e+01  1.5250e+03
1.778e+01  1.5450e+03
1.820e+01  1.5660e+03
1.862e+01  1.5590e+03
1.906e+01  1.4850e+03
1.949e+01  1.4140e+03
1.995e+01  1.3470e+03
2.042e+01  1.2660e+03
2.089e+01  1.1890e+03
2.138e+01  1.1170e+03
2.188e+01  1.0560e+03
2.239e+01  1.0010e+03
2.290e+01  9.4940e+02
2.344e+01  9.0000e+02
2.398e+01  8.5310e+02
2.455e+01  8.0870e+02
2.513e+01  7.6670e+02
2.571e+01  7.2860e+02
2.630e+01  6.9230e+02
2.691e+01  6.5790e+02
2.755e+01  6.2510e+02
2.818e+01  5.9400e+02
2.885e+01  5.6450e+02
2.951e+01  5.4020e+02
3.020e+01  5.2480e+02
3.090e+01  5.1000e+02
3.162e+01  4.9550e+02
3.236e+01  4.8150e+02
3.311e+01  4.6780e+02
3.388e+01  4.5460e+02
3.467e+01  4.4730e+02
3.548e+01  4.4240e+02
3.631e+01  4.3740e+02
3.715e+01  4.3340e+02
3.802e+01  4.3120e+02
3.890e+01  4.2910e+02
3.981e+01  4.2700e+02
4.074e+01  4.2520e+02
4.168e+01  4.2340e+02
4.266e+01  4.2170e+02
4.365e+01  4.1410e+02
4.467e+01  4.0360e+02
4.571e+01  3.9350e+02
4.678e+01  3.8050e+02
4.786e+01  3.6240e+02
4.898e+01  3.4530e+02
5.012e+01  3.2890e+02
5.129e+01  3.1330e+02
5.248e+01  2.9850e+02
5.371e+01  2.8430e+02
5.496e+01  2.7200e+02
5.624e+01  2.6070e+02
5.754e+01  2.4990e+02
5.889e+01  2.3960e+02
6.026e+01  2.2960e+02
6.166e+01  2.2010e+02
6.310e+01  2.1100e+02
6.457e+01  2.0210e+02
6.606e+01  1.9350e+02
6.761e+01  1.8530e+02
6.919e+01  1.7740e+02
7.079e+01  1.6990e+02
7.245e+01  1.6270e+02
7.413e+01  1.5580e+02
7.586e+01  1.4910e+02
7.763e+01  1.4270e+02
7.944e+01  1.3660e+02
8.129e+01  1.3070e+02
8.318e+01  1.2510e+02
8.512e+01  1.1980e+02
8.710e+01  1.1440e+02
8.912e+01  1.0920e+02
9.121e+01  1.0420e+02
9.334e+01  9.9490e+01
9.551e+01  9.4950e+01
9.772e+01  9.0630e+01
1.000e+02  8.6500e+01
1.023e+02  8.3410e+01
1.047e+02  8.0430e+01
1.071e+02  7.7560e+01
1.097e+02  7.4790e+01
1.122e+02  7.2110e+01
1.148e+02  6.9540e+01
1.175e+02  6.7030e+01
1.202e+02  6.4500e+01
1.230e+02  6.2070e+01
1.259e+02  5.9720e+01
1.288e+02  5.7470e+01
1.318e+02  5.5300e+01
1.349e+02  5.3220e+01
1.380e+02  5.1210e+01
1.413e+02  4.9290e+01
1.445e+02  4.7430e+01
1.479e+02  4.5650e+01
1.513e+02  4.3930e+01
1.549e+02  4.2280e+01
1.585e+02  4.0670e+01
1.621e+02  3.9000e+01
1.660e+02  3.7400e+01
1.699e+02  3.5870e+01
1.738e+02  3.4400e+01
1.778e+02  3.2990e+01
1.820e+02  3.1640e+01
1.862e+02  3.0360e+01
1.906e+02  2.9170e+01
1.949e+02  2.8030e+01
1.995e+02  2.6930e+01
2.042e+02  2.5880e+01
2.089e+02  2.4870e+01
2.138e+02  2.3900e+01
2.188e+02  2.2960e+01
2.239e+02  2.2060e+01
2.290e+02  2.1200e+01
2.344e+02  2.0360e+01
2.398e+02  1.9560e+01
2.455e+02  1.8780e+01
2.513e+02  1.8040e+01
2.571e+02  1.7330e+01
2.630e+02  1.6650e+01
2.691e+02  1.5990e+01
2.755e+02  1.5360e+01
2.818e+02  1.4750e+01
2.885e+02  1.4170e+01
2.951e+02  1.3610e+01
3.020e+02  1.3070e+01
3.090e+02  1.2560e+01
3.162e+02  1.2060e+01
3.236e+02  1.1590e+01
3.311e+02  1.1130e+01
3.388e+02  1.0690e+01
3.467e+02  1.0270e+01
3.548e+02  9.8350e+00
3.631e+02  9.4030e+00
3.715e+02  8.9900e+00
3.802e+02  8.5960e+00
3.890e+02  8.2190e+00
3.981e+02  7.8580e+00
4.074e+02  7.5130e+00
4.168e+02  7.1830e+00
4.266e+02  6.8680e+00
4.365e+02  6.5670e+00
4.467e+02  6.2780e+00
4.571e+02  6.0030e+00
4.678e+02  5.7390e+00
4.786e+02  5.4880e+00
4.898e+02  5.2470e+00
5.012e+02  5.0160e+00
5.129e+02  4.7900e+00
5.248e+02  4.5740e+00
5.371e+02  4.3680e+00
5.496e+02  4.1710e+00
5.624e+02  3.9840e+00
5.754e+02  3.8040e+00
5.889e+02  3.6330e+00
6.026e+02  3.4690e+00
6.166e+02  3.3130e+00
6.310e+02  3.1640e+00
6.457e+02  3.0210e+00
6.606e+02  2.8850e+00
6.761e+02  2.7550e+00
6.919e+02  2.6310e+00
7.079e+02  2.5190e+00
7.245e+02  2.4190e+00
7.413e+02  2.3230e+00
7.586e+02  2.2300e+00
7.763e+02  2.1420e+00
7.944e+02  2.0560e+00
8.129e+02  1.9750e+00
8.318e+02  1.8960e+00
8.512e+02  1.8210e+00
8.710e+02  1.7480e+00
8.912e+02  1.6790e+00
9.121e+02  1.6120e+00
9.334e+02  1.5480e+00
9.551e+02  1.4860e+00
9.772e+02  1.4270e+00
1.000e+03  1.3700e+00
1.023e+03  1.3200e+00
1.047e+03  1.2720e+00
1.071e+03  1.2260e+00
1.097e+03  1.1820e+00
1.122e+03  1.1390e+00
1.148e+03  1.0970e+00
1.175e+03  1.0580e+00
1.202e+03  1.0190e+00
1.230e+03  9.8220e-01
1.259e+03  9.4660e-01
1.288e+03  9.1220e-01
1.318e+03  8.7670e-01
1.349e+03  8.4110e-01
1.380e+03  8.0700e-01
1.413e+03  7.7420e-01
1.445e+03  7.4280e-01
1.479e+03  7.1260e-01
1.513e+03  6.8370e-01
1.549e+03  6.5600e-01
1.585e+03  6.2930e-01
1.621e+03  6.0380e-01
1.660e+03  5.7930e-01
1.699e+03  5.5580e-01
1.738e+03  5.3320e-01
1.778e+03  5.1150e-01
1.820e+03  4.9080e-01
1.862e+03  4.7090e-01
1.906e+03  4.5170e-01
1.949e+03  4.3340e-01
1.995e+03  4.1580e-01
2.042e+03  3.9900e-01
2.089e+03  3.8280e-01
2.138e+03  3.6730e-01
2.188e+03  3.5240e-01
2.239e+03  3.3810e-01
2.290e+03  3.2440e-01
2.344e+03  3.1130e-01
2.398e+03  2.9870e-01
2.455e+03  2.8660e-01
2.513e+03  2.7500e-01
2.571e+03  2.6390e-01
2.630e+03  2.5320e-01
2.691e+03  2.4290e-01
2.755e+03  2.3310e-01
2.818e+03  2.2370e-01
2.885e+03  2.1470e-01
2.951e+03  2.0590e-01
3.020e+03  1.9750e-01
3.090e+03  1.8940e-01
3.162e+03  1.8170e-01
3.236e+03  1.7420e-01
3.311e+03  1.6710e-01
3.388e+03  1.6030e-01
