transition      EA              nu0             trans_up        degeneracy
hco+2-1         4.2512e-05      178.3750650e9   2               5,3
hco+3-2         1.4757e-03      267.5576190e9   3               7,5
hco+4-3         3.6269e-03      356.7342880e9   4               9,7
hco+5-4         7.2449e-03      445.9029960e9   5               11,9
hco+6-5         1.2711e-02      535.0617755e9   6               13,11
hco+7-6         2.0402e-02      624.2086733e9   7               15,13
hco+8-7         3.0711e-02      713.3420900e9   8               17,15
hco+9-8         4.4006e-02      802.4583290e9   9               19,17
hco+10-9        6.0667e-02      891.5579242e9   10              21,19
hcn2-1          2.311e-04       177.2611112e9   2               15,9
hcn3-2          8.356e-04       265.8864339e9   3               21,15
hcn4-3          2.0540e-03      354.5054779e9   4               27,21
hcn5-4          4.102e-03       443.1161485e9   5               33,27
hcn6-5          7.197e-03       531.7163479e9   6               39,33
hcn7-6          1.155e-02       620.3040022e9   7               45,39
hcn8-7          1.739e-02       708.8770051e9   8               51,45
hcn9-8          2.492e-02       797.4332623e9   9               57,51
hcn10-9         3.435e-02       885.9706949e9   10              63,57
cs2-1           1.679e-5        97.9809533e9    2               5,3
cs3-2           6.071e-5        146.9690287e9   3               7,5
cs4-3           1.492e-4        195.9542109e9   4               9,7
cs5-4           2.981e-4        244.9355565e9   5               11,9
cs6-5           5.230e-4        293.9120865e9   6               13,11
cs7-6           8.395e-4        342.8828503e9   7               15,13
cs8-7           1.263e-3        391.8468898e9   8               17,15
cs9-8           1.810e-3        440.8032320e9   9               19,17
cs10-9          2.496e-3        489.7509210e9   10              21,19
cs11-10         3.336e-3        538.6889972e9   11              23,21
cs12-11         4.346e-3        587.6164850e9   12              25,23
cs13-12         5.541e-3        636.5324600e9   13              27,25
cs14-13         6.938e-3        685.4359238e9   14              29,27
cs15-14         8.550e-3        734.3259290e9   15              31,29
cs16-15         1.039e-2        783.2015140e9   16              33,31
cs17-16         1.249e-2        832.0617177e9   17              35,33
cs18-17         1.484e-2        880.9055792e9   18              37,35
cs19-18         1.747e-2        929.7321250e9   19              39,37
cs20-19         2.040e-2        978.5404329e9   20              41,39
